0 572 665
1 482 640
2 264 594
3 349 566
4 276 660
5 745 422
6 434 622
7 446 433
8 668 506
9 405 635
10 486 320
11 554 549
12 392 491
13 459 528
14 426 579
15 728 359
16 644 465
17 382 323
18 268 352
19 324 512
20 277 426
21 254 685
22 483 532
23 678 414
24 546 590
25 716 640
26 542 400
27 634 596
28 497 696
29 417 300
30 290 605
31 321 520
32 543 290
33 599 269
34 467 679
35 583 421
36 729 723
37 465 590
38 614 585
39 446 327
40 734 616
41 479 606
42 656 278
43 537 355
44 604 519
45 746 596
46 439 281
47 339 405
48 273 526
49 625 568
