0 139 103
1 166 99
2 88 74
3 174 139
4 128 109
5 175 179
6 62 82
7 178 87
8 121 77
9 125 97
10 73 84
11 69 97
12 122 159
13 66 69
14 111 118
15 165 86
16 71 83
17 163 162
18 67 132
19 121 152
20 68 150
21 138 124
22 141 105
23 183 122
24 171 63
25 101 64
26 103 95
27 110 107
28 184 158
29 85 97
30 86 92
31 127 155
32 92 147
33 106 97
34 177 108
35 164 150
36 68 84
37 62 151
38 123 134
39 158 178
40 70 140
41 173 117
42 147 136
43 141 145
44 84 164
45 144 141
46 92 103
47 156 98
48 160 111
49 127 131
