0 277 242
1 233 177
2 182 216
3 147 134
4 213 127
5 315 212
6 261 175
7 210 281
8 243 256
9 159 314
10 217 147
11 260 349
12 222 199
13 296 127
14 263 302
15 226 250
16 264 344
17 237 179
18 245 137
19 137 328
20 321 154
21 200 174
22 270 128
23 299 179
24 165 370
25 198 182
26 155 295
27 278 219
28 184 155
29 187 270
30 208 293
31 261 204
32 344 168
33 213 135
34 362 162
35 362 374
36 237 322
37 281 308
38 155 344
39 210 163
40 325 225
41 360 225
42 346 347
43 131 144
44 284 284
45 262 228
46 146 178
47 254 164
48 332 238
49 313 304
